-5.145600701296810156e+13
1.677881676016681567e+01
-1.246859700145908647e+02
-8.728786640962013621e+00
-8.432953620745466594e+01
2.166723641155893532e+01
-6.177710321451025166e+00
-4.595029533954855694e+00
1.394010238608663244e+01
-3.267763201832902809e+01
1.111285074314807275e+02
-3.053770131417240563e+01
1.002309626036455370e+01
8.217700245168803264e+00
-1.213062684297263694e+01
2.633152267968806370e+01
3.173298696810009645e+00
7.881425598130375576e+00
9.848563618869372149e+00
3.880752262956860221e+01
8.922958308330688482e+00
-2.635919925970171107e+00
-6.639838789841460809e+00
-1.737560607491398912e+01
-9.285749246892638809e+00
-1.936561172242155138e+01
-1.579176540992948397e+01
7.961167215165684929e+00
-3.782173556065089315e-01
9.076375904234221537e+01
1.718008070591608316e+00
-6.944542256685851456e+00
-1.234278568159956890e+01
7.641990408334756069e+00
3.121815845664988487e+00
-2.062728669160444639e+01
-9.313149392501037482e+01
1.215813234506207579e+02
-2.111824080301492046e+00
3.774335395189085673e-01
7.912483569149664220e-01
-1.588382174098367017e+00
-9.040318110036974275e+00
2.226958959922892234e+01
3.569404747453148730e-01
-1.979339109725941626e-01
-2.998988852779778114e-01
2.748165942825453456e-01
3.567961564734352997e+00
-1.005743509860948670e+01
1.615029670628039327e+01
-1.401691738695837408e+01
2.761305310846613281e+01
3.032541828883425339e+01
-4.006016182455119257e+00
2.756840720905017861e+00
5.988585853055349162e+01
-1.509191487484337557e+01
1.059458616533891018e+01
1.305065605843049426e+00
2.166723641162197467e+01
-9.287568965750500283e+00
-1.803952427069111408e+01
-1.148644117701435263e+00
-7.416466909936342944e+00
-1.249242160358582510e+01
2.557920538076407269e+01
-1.575578035948345246e+01
-4.087336411603370578e+00
-1.039288441511891747e+01
-6.076004280959811155e+00
-1.774433177299908238e+00
2.488983234826934776e+01
-7.940663093083551871e+01
3.717617648811305742e+01
-2.681719560062490348e+00
-4.394389596020437772e+00
2.028694871076801576e+01
-6.590942527045015709e+00
-1.689515431535193457e+01
-9.757653898902111322e+00
-2.780014620031749928e+01
1.686575993847679200e+00
-4.046559409659103324e+00
1.396833201398273161e+00
-5.798950774063129643e-01
6.899814362742421991e+00
-9.599255407337325963e-01
-1.764025534275275220e+01
8.197015703773629980e+00
1.153883123435633351e+01
-6.852072435254960681e+00
5.535837834091175580e+00
-3.927623490644446491e+00
1.066942435030213687e+01
-1.157302623883969659e+02
1.273903380065971902e+02
-6.427240291719417087e+01
4.616454231254500939e-01
-6.496388031251770556e+00
7.597700141277555552e+00
2.058728350410207142e+01
3.222203193207245242e+00
-1.095899727840371085e+01
-4.280956307692139973e+00
